Date,CommitCount
2019-02-22,1
