Date,CommitCount
2018-10-29,1
